0
18
19
19
20
21
22
24
23
24
25
26
26
28
29
30
31
31
33
34
35
35
37
37
38
39
41
41
43
43
45
45
46
47
48
50
52
52
54
55
57
59
58
60
60
62
62
64
65
66
67
68
68
69
70
71
72
72
74
73
75
75
76
77
77
77
79
79
79
78
79
79
80
81
80
80
79
79
79
80
81
81
80
81
80
81
81
81
82
81
80
79
81
80
80
80
80
80
80
79
79
80
80
80
80
80
79
79
78
78
78
79
78
78
79
78
78
78
78
78
78
77
77
77
78
77
77
77
76
76
78
77
76
77
76
76
76
77
77
77
77
76
76
76
77
77
76
77
77
77
77
76
77
76
76
76
77
76
76
75
75
76
76
75
75
75
74
75
75
75
74
75
74
75
74
75
75
75
74
73
74
74
75
74
75
75
76
76
76
76
76
76
76
76
75
75
76
75
77
77
77
77
76
77
77
76
77
77
77
76
76
75
76
76
77
77
78
77
77
77
77
77
76
76
76
77
76
76
77
77
76
77
76
77
78
77
78
77
77
78
78
76
77
77
78
78
78
78
78
77
77
78
79
80
80
79
78
79
79
79
79
79
79
80
80
80
80
79
78
78
80
79
80
80
80
80
80
80
79
80
79
79
79
79
79
79
79
79
80
80
80
80
80
80
80
79
79
79
80
80
81
81
81
81
81
81
80
81
80
81
80
81
81
81
81
81
82
81
82
81
82
80
80
80
80
80
80
80
80
80
81
80
79
80
80
80
79
79
79
80
79
80
79
79
79
78
78
78
77
78
78
78
78
78
79
78
79
79
80
80
81
81
81
81
82
82
82
82
82
82
82
83
82
82
81
82
81
81
80
81
80
80
81
79
81
81
81
80
79
79
79
79
78
78
79
78
79
79
79
79
79
78
79
80
79
79
78
78
78
80
79
79
79
79
79
80
81
80
81
80
81
80
81
81
81
81
81
81
81
82
82
82
81
81
81
81
81
80
81
80
80
81
80
79
79
78
78
79
78
79
80
81
79
80
80
81
79
80
79
79
79
80
79
80
80
80
79
79
80
79
79
78
79
79
80
80
80
80
80
80
80
81
80
81
79
80
80
80
80
80
79
79
80
79
79
78
79
78
79
79
79
78
79
79
78
78
78
78
79
78
78
79
79
80
80
80
80
80
80
80
81
80
80
80
82
82
83
84
82
83
84
84
83
84
84
84
83
83
84
84
83
85
83
85
84
84
84
84
83
84
84
83
83
82
82
83
82
82
81
81
80
81
80
81
80
79
78
79
80
81
81
81
81
80
80
79
81
79
80
79
79
80
80
80
80
81
79
80
80
81
81
82
81
82
81
81
81
81
80
80