0
0
11
22
33
43
51
67
74
81
88
93
99
105
111
116
121
126
130
138
142
146
150
154
158
162
166
171
175
180
187
191
193
196
198
200
202
204
206
207
209
210
212
213
214
214
214
214
214
214
214
214
213
211
210
209
208
207
206
205
204
203
202
201
200
200
199
198
197
197
197
196
195
194
194
194
194
194
193
192
191
190
189
188
187
186
185
185
184
183
182
181
180
178
177
176
175
174
173
172
171
170
169
168
167
165
164
163
162
161
160
159
158
157
156
155
154
152
151
150
149
148
147
146
145
144
143
143
142
141
140
139
138
137
136
135
134
133
132
131
129
128
127
127
126
125
124
123
122
121
120
119
119
118
117
116
115
115
114
114
113
112
112
111
110
110
110
110
109
108
108
107
106
106
106
106
106
106
106
106
106
106
106
105
105
105
105
104
104
103
103
102
102
102
102
102
102
102
101
101
101
101
101
101
101
100
100
99
99
98
98
98
98
97
97
96
96
96
95
95
94
94
94
94
94
94
94
93
93
93
93
93
93
93
93
93
93
93
93
93
93
93
93
93
93
93
92
92
92
92
92
92
92
91
91
91
90
90
90
90
89
89
88
88
87
87
87
87
87
87
87
87
87
87
87
87
87
87
86
85
85
85
85
84
84
83
83
82
82
81
81
80
80
80
79
79
79
78
78
77
77
76
76
76
76
76
75
75
75
75
75
75
75
74
73
73
72
72
72
72
72
72
72
72
72
72
72
72
72
72
72
72
70
69
69
69
69
69
69
69
69
69
69
69
69
69
69
69
69
69
69
69
69
69
69
68
68
68
68
68
68
68
68
68
68
68
68
68
68
68
68
68
68
68
68
68
68
68
68
68
68
68
68
68
68
68
68
68
68
68
68
68
68
68
68
68
68
68
68
68
68
68
68
68
69
69
69
69
69
69
69
69
69
69
69
69
69
69
69
69
69
69
69
69
69
69
69
69
69
69
69
69
69
69
69
69
69
69
69
69
69
69
69
68
68
68
68
68
68
68
68
68
68
68
68
68
68
68
68
68
68
69
69
69
68
68
68
68
68
68
68
68
68
68
68
68
68
68
68
68
68
68
68
68
68
68
68
68
68
68
68
68
68
68
68
68
68
68
68
68
68
68
68
68
68
68
68
68
68
68
68
68
68
68
68
67
67
67
67
67
67
67
67
67
67
67
67
67
67
67
67
67
67
67
68
68
68
68
68
68
68
68
68
67
67
67
67
67
67
67
67
67
68
68
68
68
68
68
68
68
68
68
68
68
68
68
68
68
69
69
69
69
69
69
69
69
69
69
69
69
69
69
69
69
69
69
69
69
69
69
69
69
69
69
69
69
69
69
69
69
