0
0
7
20
45
56
67
77
86
95
103
109
116
123
129
140
146
151
156
161
166
171
177
182
187
198
202
207
212
216
220
224
227
229
232
234
236
238
239
243
243
244
245
245
245
245
245
245
244
244
244
243
242
240
239
238
237
236
235
234
233
232
231
230
229
229
228
228
228
227
226
225
225
224
224
224
224
224
223
223
223
222
221
220
219
218
218
217
216
214
213
210
209
208
206
205
203
202
200
198
196
195
194
192
190
188
187
185
184
183
182
181
180
179
178
177
176
175
174
173
171
171
170
170
169
168
167
166
166
165
164
163
162
161
160
158
157
156
155
154
153
151
150
149
148
147
145
144
143
142
140
139
138
137
136
135
134
133
132
131
129
128
127
126
125
124
123
122
121
120
119
118
117
116
114
114
113
112
110
110
109
108
107
107
107
107
106
105
105
104
104
103
102
102
101
101
100
100
99
99
98
98
97
97
96
96
94
93
93
93
93
93
93
92
91
91
91
90
89
89
89
89
88
88
87
87
87
87
86
86
86
86
86
86
86
85
85
84
84
84
83
83
83
83
83
83
83
83
83
83
83
83
83
83
83
83
83
83
83
83
83
83
83
83
83
83
83
83
83
83
83
83
83
83
83
83
83
83
83
83
83
83
83
83
83
83
83
83
83
83
83
83
83
83
83
83
83
83
83
83
83
83
83
83
83
83
83
83
83
83
83
83
83
83
83
83
83
83
83
83
83
83
83
83
83
83
83
83
84
84
84
84
84
83
83
83
83
83
83
83
83
83
83
83
83
83
83
82
82
82
82
81
81
80
80
79
79
79
79
78
78
78
78
78
78
78
78
77
77
77
76
75
75
75
75
75
75
75
74
74
73
73
72
72
72
72
71
71
71
71
70
70
70
70
70
70
69
69
68
68
68
68
68
68
68
68
68
68
68
68
68
68
68
68
68
68
68
68
68
68
68
68
68
68
68
68
68
68
68
68
68
68
68
68
68
68
68
68
68
68
68
68
68
68
69
69
69
69
69
69
69
69
69
69
69
69
69
70
70
70
70
70
70
70
70
70
70
70
70
70
70
70
70
70
70
70
70
70
70
70
70
70
70
70
71
71
71
71
71
71
71
71
71
71
71
71
71
71
71
71
71
71
71
71
71
71
71
71
71
71
71
71
71
72
72
72
72
72
72
72
72
72
72
72
72
71
71
71
71
71
71
71
71
70
70
69
69
69
69
69
69
69
69
69
68
68
68
67
67
67
67
67
67
66
66
66
66
66
66
66
66
66
66
66
66
66
66
66
66
66
66
66
65
64
64
64
64
64
64
64
64
64
64
64
64
64
64
64
64
64
64
64
64
64
64
64
64
64
64
64
