0
0
6
15
23
30
44
51
57
63
68
73
78
83
87
91
95
103
107
111
115
119
123
126
130
134
138
141
148
152
155
158
161
163
166
169
171
173
175
177
179
181
182
183
184
185
185
186
187
188
188
188
189
189
189
189
189
189
189
189
188
188
188
188
188
188
189
189
189
189
189
189
189
189
189
189
189
189
188
188
187
187
187
186
186
186
185
184
183
182
180
179
178
177
176
175
174
173
172
171
170
169
168
167
166
166
165
164
164
163
162
161
161
161
160
160
159
158
158
158
157
156
156
155
154
152
151
151
151
150
149
148
147
146
145
145
145
145
143
142
141
140
139
138
137
136
136
135
135
134
133
131
130
129
128
127
126
126
125
125
124
123
121
121
120
119
118
117
117
117
117
117
116
115
114
114
112
112
112
112
112
112
111
110
109
108
108
108
106
106
105
104
104
103
102
102
101
101
101
101
101
100
99
99
98
97
97
97
96
96
96
96
95
94
94
94
94
94
94
94
93
93
92
91
90
90
90
90
90
89
89
89
89
89
89
89
89
89
89
89
89
89
89
89
89
89
89
89
89
89
89
89
89
89
89
89
89
89
89
89
89
89
89
89
89
89
89
89
89
89
89
89
89
89
89
88
87
87
87
87
87
86
86
86
86
86
86
86
85
85
85
85
84
84
84
84
84
84
84
84
84
84
84
84
84
84
84
84
84
84
84
84
84
84
84
84
84
84
84
84
84
83
83
83
83
83
83
83
83
83
83
83
83
83
83
83
83
83
83
83
82
82
81
81
80
80
80
80
80
78
78
78
78
78
78
78
78
78
78
78
78
77
77
76
76
76
76
75
75
75
75
74
74
74
74
74
74
73
73
73
73
73
73
73
73
73
73
73
73
73
73
73
73
73
73
73
73
73
72
72
72
72
72
72
72
72
72
72
71
71
71
71
71
71
71
71
71
71
71
71
71
71
71
71
71
71
71
71
71
71
71
71
71
71
71
71
71
71
71
71
71
71
71
71
71
71
71
71
71
71
71
71
71
71
71
71
71
71
71
71
71
71
71
71
71
71
71
71
71
71
71
71
71
71
71
71
71
71
71
71
71
71
71
71
71
71
71
71
71
71
71
71
71
71
71
71
71
71
71
71
71
71
71
71
71
71
71
71
71
71
71
71
71
71
71
71
71
71
71
71
71
71
71
71
71
71
71
71
71
71
71
71
71
71
71
71
71
71
71
71
71
71
71
71
71
71
70
70
70
70
70
70
70
70
70
70
70
70
69
69
69
69
69
69
69
68
68
68
68
68
68
67
67
67
67
67
67
67
67
67
67
67
67
67
67
67
67
67
67
67
67
67
67
67
67
67
67
67
67
67
