0
0
10
33
54
92
109
124
138
151
162
173
183
192
200
208
222
229
236
243
250
257
265
273
281
289
297
304
311
318
332
338
343
347
350
352
354
356
357
357
357
357
356
355
354
353
351
347
345
343
341
338
335
332
329
326
323
320
317
313
309
301
297
293
289
286
283
281
279
277
275
273
271
269
268
267
266
265
264
263
262
260
259
258
257
256
255
254
253
252
250
248
246
244
241
239
237
234
229
227
225
222
220
218
216
214
212
210
208
206
204
202
198
196
194
192
190
188
186
184
182
180
178
176
175
174
173
171
170
169
168
167
166
165
164
163
162
161
160
159
157
156
155
154
153
152
151
150
148
146
144
142
141
137
135
133
131
129
127
125
124
122
121
120
118
115
115
113
112
111
110
109
108
107
106
105
104
103
102
101
100
99
98
96
95
94
93
92
91
90
89
88
87
86
85
84
83
83
82
81
80
80
79
78
78
78
78
78
78
78
77
77
77
77
77
77
77
77
77
76
75
75
75
75
75
75
75
75
75
74
74
74
74
74
74
74
74
74
74
74
74
74
74
74
74
74
74
74
74
74
74
74
74
75
75
76
76
77
77
78
78
79
79
79
79
79
80
80
81
81
82
83
83
83
83
83
83
83
83
83
83
83
83
83
83
83
83
83
83
83
83
83
83
83
83
83
83
83
83
83
83
83
83
83
83
83
83
83
83
83
83
82
82
82
82
82
82
82
81
80
79
79
78
78
77
77
76
75
74
73
73
72
72
72
72
71
71
71
71
71
71
71
71
71
71
71
71
70
70
70
70
70
69
68
68
68
68
68
68
68
68
68
68
68
68
68
68
68
68
68
68
68
67
67
66
66
66
66
66
66
66
66
66
66
66
66
66
66
65
65
65
65
65
65
65
65
65
65
65
65
65
65
65
65
65
65
65
65
65
65
65
65
65
65
65
65
65
65
65
65
65
66
67
68
69
69
70
70
71
72
73
74
75
75
76
76
76
76
76
77
77
78
78
78
78
78
78
78
78
78
78
78
78
78
78
78
78
78
78
78
78
78
78
78
78
78
77
76
76
76
76
76
76
75
75
75
75
75
75
75
74
74
73
73
73
73
73
72
72
72
72
72
72
72
71
71
70
70
70
70
70
69
69
69
69
68
68
68
68
68
68
68
68
68
68
67
67
67
67
66
66
66
66
66
66
66
66
66
66
66
65
65
65
65
65
65
65
65
64
63
63
63
63
63
63
63
63
63
63
63
63
63
63
63
63
63
63
63
63
63
63
63
63
63
63
63
63
63
63
63
63
63
63
63
63
63
63
63
62
63
63
63
63
63
63
64
64
65
66
67
68
68
69
69
70
70
71
72
72
73
