0
3
14
20
26
31
36
40
44
48
56
59
63
66
69
72
75
78
80
83
86
91
94
97
100
102
105
107
109
112
114
117
121
123
125
127
128
130
132
134
135
137
138
139
141
142
143
144
145
146
146
146
147
147
147
147
147
147
147
147
147
147
147
147
147
147
146
146
146
146
146
146
146
146
146
146
146
146
146
146
146
146
146
146
146
146
146
146
146
146
146
146
146
146
146
145
144
144
144
143
143
143
143
142
142
141
141
140
140
140
139
139
138
137
136
135
135
135
134
134
133
133
132
132
132
132
131
131
131
130
130
128
128
127
127
127
127
126
126
126
125
125
125
124
124
124
123
123
123
123
122
122
121
120
120
120
120
119
118
118
118
117
116
116
116
115
115
114
113
113
112
112
112
111
111
110
110
110
109
109
109
108
108
108
108
108
107
107
106
106
106
105
105
105
104
104
104
103
103
103
103
102
101
101
101
101
100
100
100
99
98
97
97
96
95
95
95
94
93
93
92
92
92
91
91
91
90
90
90
89
89
89
88
87
87
87
87
87
87
86
86
86
86
85
85
85
84
84
84
84
84
84
84
84
83
83
83
83
83
83
83
83
83
83
82
82
82
81
80
79
79
79
79
79
79
79
79
78
77
77
77
77
77
77
77
77
77
77
77
77
77
77
77
77
76
76
76
76
76
76
76
76
75
75
75
75
75
75
75
75
75
75
75
75
75
75
75
75
74
74
74
74
74
74
74
74
74
74
74
74
74
74
74
74
74
74
74
75
75
75
75
74
73
73
73
73
73
73
73
73
73
73
73
73
73
73
73
73
73
73
73
72
72
72
72
72
72
72
72
72
72
72
72
72
72
72
72
72
71
71
71
71
71
71
71
71
71
71
71
71
71
70
70
70
70
70
70
70
70
70
70
70
70
70
70
69
69
69
69
69
69
68
68
68
68
68
68
68
68
68
68
68
68
68
68
68
68
68
68
68
68
68
68
68
68
68
68
68
68
68
68
68
68
68
68
68
68
68
68
68
68
68
68
68
68
68
68
68
68
68
68
68
68
68
68
67
66
66
66
66
66
66
66
66
66
65
65
65
65
64
64
64
64
64
64
64
64
64
63
63
63
63
63
63
63
63
63
63
63
63
63
63
63
63
63
63
63
63
63
63
63
63
63
63
63
63
63
63
63
63
63
63
63
63
63
63
63
63
62
62
62
62
62
62
62
62
62
62
62
62
62
62
62
62
62
62
62
62
62
62
62
62
62
62
62
62
62
62
62
62
62
62
62
62
62
62
62
62
62
62
62
62
62
62
62
62
62
62
62
62
62
62
62
62
62
62
62
62
62
62
62
62
62
62
62
62
62
62
62
62
