0
0
15
31
46
59
71
83
104
113
122
130
138
145
151
157
163
168
180
185
190
196
202
207
213
218
223
228
233
238
243
252
255
259
262
264
267
269
271
273
274
275
276
276
276
276
276
275
274
273
272
271
270
268
266
265
263
261
260
258
256
253
251
250
249
247
245
244
243
242
241
239
238
236
235
233
231
230
229
228
226
225
224
223
221
219
216
214
212
210
208
206
204
203
201
199
197
195
193
191
189
187
183
181
179
177
175
173
171
169
168
167
166
165
164
163
162
161
159
158
157
156
155
154
153
152
151
150
149
148
147
146
145
144
143
141
141
139
138
137
136
135
134
133
132
131
130
129
127
126
125
124
123
122
121
120
119
118
117
117
117
117
116
115
113
113
112
112
112
112
111
111
111
111
111
111
111
111
111
110
110
110
110
110
110
110
110
110
110
110
110
110
109
109
109
109
108
108
107
107
107
107
107
107
106
105
104
104
103
102
102
102
102
101
101
100
100
99
99
99
99
98
98
97
97
96
96
96
96
95
95
95
95
95
95
95
94
94
94
93
93
93
93
93
93
92
92
92
91
91
91
91
91
90
90
89
88
87
87
86
86
86
85
85
85
85
85
85
84
84
83
83
83
83
83
83
83
83
82
81
80
80
79
78
78
78
77
76
76
76
76
75
75
75
75
74
74
74
73
73
73
73
72
72
72
72
72
72
72
72
72
72
72
72
72
72
72
72
72
72
72
72
72
72
72
72
72
72
72
72
72
73
73
73
73
73
74
74
74
74
74
74
74
74
74
74
74
74
74
74
74
74
74
74
74
74
74
74
74
74
74
74
74
74
74
74
74
74
74
74
74
74
74
74
74
74
74
74
74
74
74
74
74
74
74
74
74
74
74
74
74
74
74
74
74
74
74
74
74
74
74
74
74
74
74
74
74
74
74
74
74
74
74
74
74
74
74
74
74
74
74
74
74
74
74
74
73
73
73
73
73
73
73
73
72
72
72
71
70
70
70
69
69
69
69
69
68
68
68
68
68
68
68
68
68
68
68
68
68
68
68
68
68
67
67
67
67
67
67
67
67
67
67
67
67
67
67
67
67
67
67
67
67
67
67
67
67
67
67
67
67
67
67
67
67
67
67
67
67
67
67
68
68
68
68
68
68
68
68
68
68
68
68
68
68
68
68
68
68
68
68
68
68
69
69
69
69
69
69
69
69
69
70
70
71
71
71
71
71
72
72
72
72
72
73
73
73
73
74
74
75
75
75
75
75
75
75
75
75
75
75
75
75
75
75
75
75
75
75
75
75
75
75
74
74
74
74
74
74
74
73
73
73
73
73
73
73
73
73
73
73
73
73
73
73
73
73
73
73
73
