0
0
10
29
46
77
92
105
117
128
138
147
155
163
169
182
188
194
200
206
212
218
225
232
238
245
252
258
270
276
281
286
290
294
297
300
303
305
306
307
307
307
307
307
306
305
304
303
302
300
298
296
294
292
290
286
283
281
279
277
275
273
271
269
267
265
263
261
259
257
255
251
250
249
248
246
244
243
241
239
237
236
234
230
228
226
224
223
222
220
218
216
214
212
210
208
204
202
200
198
196
194
192
190
188
186
184
183
182
180
177
176
175
173
172
171
170
169
168
166
165
164
163
162
161
159
158
157
156
155
154
153
152
151
150
149
148
147
146
145
144
142
141
140
139
138
138
137
136
135
134
133
132
131
130
129
128
128
127
126
126
126
126
125
124
123
122
120
119
119
118
117
116
115
114
113
112
111
111
111
110
109
108
106
105
104
103
102
102
102
102
102
102
101
101
100
100
100
100
100
99
98
98
97
97
97
97
97
97
97
96
96
94
94
93
93
92
92
92
91
90
89
88
87
86
86
86
85
83
83
83
82
81
81
80
79
78
78
78
77
75
75
75
75
75
74
74
73
72
72
72
72
72
72
72
72
71
71
71
71
71
71
71
71
71
71
71
71
71
71
71
71
71
71
71
71
71
71
71
71
71
71
71
71
71
71
71
71
71
71
71
71
71
71
71
71
71
72
72
73
73
73
73
73
73
73
73
74
74
74
74
74
74
74
74
74
74
74
74
74
74
74
74
74
74
74
75
75
75
75
75
75
75
75
76
76
76
76
76
76
76
77
77
77
77
77
77
77
77
77
77
77
77
77
77
77
77
77
77
77
77
77
77
77
77
76
76
76
76
76
76
75
75
75
75
75
74
74
73
73
73
73
73
73
73
73
73
73
73
73
73
73
73
73
73
73
73
72
72
72
72
71
71
71
70
70
70
69
69
69
68
68
68
68
68
67
67
66
66
65
65
64
64
64
64
64
64
64
64
64
64
64
64
64
64
64
64
64
64
64
64
64
64
64
64
64
64
64
64
64
64
64
64
64
64
64
64
64
64
64
64
64
64
64
64
64
65
65
65
66
67
67
67
67
68
68
68
69
69
69
69
69
69
69
69
69
69
69
69
69
69
69
69
69
69
69
69
69
70
70
70
70
70
70
70
70
70
70
70
71
71
71
71
71
71
71
71
71
71
71
71
71
71
71
71
71
71
71
71
71
71
71
71
71
71
71
71
71
71
70
70
70
70
70
70
70
70
70
70
70
69
69
69
69
69
69
69
69
69
69
69
69
69
69
69
69
69
69
69
69
69
69
69
69
68
68
68
68
68
68
68
68
68
68
68
68
68
68
68
68
68
68
68
68
68
68
68
68
68
68
